450,585
450,584
450,583
450,582
450,581
450,580
450,579
450,578
450,577
450,576
450,575
450,574
450,573
450,572
450,571
450,570
450,569
450,568
450,567
450,566
450,565
450,564
450,563
450,562
450,561
450,560
450,559
450,558
450,557
450,556
450,555
450,554
450,553
450,552
450,551
450,550
450,549
450,548
450,547
450,546
450,545
450,544
450,543
450,542
450,541
450,540
450,539
450,538
450,537
450,536
450,535
450,534
450,533
450,532
450,531
450,530
450,529
450,528
450,527
450,526
450,525
450,524
450,523
450,522
450,521
450,520
450,519
450,518
450,517
450,516
450,515
450,514
450,513
450,512
450,511
450,510
450,509
450,508
450,507
450,506
450,505
450,504
450,503
450,502
450,501
450,500
450,499
450,498
450,497
450,496
450,495
450,494
450,493
450,492
450,491
450,490
450,489
450,488
450,487
450,486
450,485
450,484
450,483
450,482
450,481
450,480
450,479
450,478
450,477
450,476
450,475
450,474
450,473
450,472
450,471
450,470
450,469
450,468
450,467
450,466
450,465
450,464
450,463
450,462
450,461
450,460
450,459
450,458
450,457
450,456
450,455
450,454
450,453
450,452
450,451
450,450
450,449
450,448
450,447
450,446
450,445
450,444
450,443
450,442
450,441
450,440
450,439
450,438
450,437
450,436
450,435
450,434
450,433
450,432
450,431
450,430
450,429
450,428
450,427
450,426
450,425
450,424
450,423
450,422
450,421
450,420
450,419
450,418
450,417
450,416
450,415
450,414
450,413
450,412
450,411
450,410
450,409
450,408
450,407
450,406
450,405
450,404
450,403
450,402
450,401
450,400
450,399
450,398
450,397
450,396
450,395
450,394
450,393
450,392
450,391
450,390
450,389
450,388
450,387
450,386
450,385
450,384
450,383
450,382
450,381
450,380
450,379
450,378
450,377
450,376
450,375
450,374
450,373
450,372
450,371
450,370
450,369
450,368
450,367
450,366
450,365
450,364
450,363
450,362
450,361
450,360
450,359
450,358
450,357
450,356
450,355
450,354
450,353
450,352
450,351
450,350
450,349
450,348
450,347
450,346
450,345
450,344
450,343
450,342
450,341
450,340
450,339
450,338
450,337
450,336
450,335
450,334
450,333
450,332
450,331
450,330
450,329
450,328
450,327
450,326
450,325
450,324
450,323
450,322
450,321
450,320
450,319
450,318
450,317
450,316
450,315
450,314
450,313
450,312
450,311
450,310
450,309
450,308
450,307
450,306
450,305
450,304
450,303
450,302
450,301
450,300
450,299
450,298
450,297
450,296
450,295
450,294
450,293
450,292
450,291
450,290
450,289
450,288
450,287
450,286
450,285
450,284
450,283
450,282
450,281
450,280
450,279
450,278
450,277
450,276
450,275
450,274
450,273
450,272
450,271
450,270
450,269
450,268
450,267
450,266
450,265
450,264
450,263
450,262
450,261
450,260
450,259
450,258
450,257
450,256
450,255
450,254
450,253
450,252
450,251
450,250
450,249
450,248
450,247
450,246
450,245
450,244
450,243
450,242
450,241
450,240
450,239
450,238
450,237
450,236
450,235
450,234
450,233
450,232
450,231
450,230
450,229
450,228
450,227
450,226
450,225
450,224
450,223
450,222
450,221
450,220
450,219
450,218
450,217
450,216
450,215
450,214
450,213
450,212
450,211
450,210
450,209
450,208
450,207
450,206
450,205
450,204
450,203
450,202
450,201
450,200
450,199
450,198
450,197
450,196
450,195
450,194
450,193
450,192
450,191
450,190
450,189
450,188
450,187
450,186
450,185
450,184
450,183
450,182
450,181
450,180
450,179
450,178
450,177
450,176
450,175
450,174
450,173
450,172
450,171
450,170
450,169
450,168
450,167
450,166
450,165
450,164
450,163
450,162
450,161
450,160
450,159
450,158
450,157
450,156
450,155
450,154
450,153
450,152
450,151
450,150
450,149
450,148
450,147
450,146
450,145
450,144
450,143
450,142
450,141
450,140
450,139
450,138
450,137
450,136
450,135
450,134
450,133
450,132
450,131
450,130
450,129
450,128
450,127
450,126
450,125
450,124
450,123
450,122
450,121
450,120
450,119
450,118
450,117
450,116
450,115
450,114
450,113
450,112
450,111
450,110
450,109
450,108
450,107
450,106
450,105
450,104
450,103
450,102
450,101
450,100
450,99
450,98
450,97
450,96
450,95
450,94
450,93
450,92
450,91
450,90
450,89
450,88
450,87
450,86
450,85
450,84
450,83
450,82
450,81
450,80
450,79
450,78
450,77
450,76
450,75
450,74
450,73
450,72
450,71
450,70
450,69
450,68
450,67
450,66
450,65
450,64
450,63
450,62
450,61
450,60
450,59
450,58
450,57
450,56
450,55
450,54
450,53
450,52
450,51
450,50
450,49
450,48
450,47
450,46
450,45
450,44
450,43
450,42
450,41
450,40
450,39
450,38
450,37
450,36
450,35
450,34
450,33
450,32
450,31
450,30
450,29
450,28
450,27
450,26
450,25
450,24
450,23
450,22
450,21
450,20
